real_final_equity: 10214.039999999997
adaptive_final_equity: 10284.151500000004
real_return_pct: 0.021403999999999722
adaptive_return_pct: 0.028415150000000357
real_max_dd: 0.0051338290765784765
adaptive_max_dd: 0.00038821037383894894
real_avg_pnl: 7.380689655172413
adaptive_avg_pnl: 9.798327586206907
